35.0000000 12.7279221 12.7279221 0.2670131
34.0000519 12.7081963 12.7477400 0.2530104
33.0001728 12.6873993 12.7688076 0.2387830
32.0003469 12.6656572 12.7909882 0.2245100
31.0005598 12.6430838 12.8141555 0.2103442
30.0007990 12.6197815 12.8381932 0.1964139
29.0010539 12.5958419 12.8629952 0.1828256
28.0013157 12.5713469 12.8884650 0.1694741
27.0015769 12.5463830 12.9145006 0.1559291
26.0018304 12.5210656 12.9409686 0.1421423
25.0020703 12.4955141 12.9677296 0.1280790
24.0022918 12.4698522 12.9946389 0.1136771
23.0024907 12.4442099 13.0215441 0.0989134
22.0026640 12.4187209 13.0482877 0.0837388
21.0028093 12.3935253 13.0747050 0.0681104
20.0029253 28.7115367 13.1006244 18.2077424
19.1868005 11.2707573 14.7873924 -5.7927980
18.1291942 28.0398322 14.3717992 17.5119177
17.4129219 30.3297557 16.5528632 16.9455085
16.8437897 30.2141341 18.4509340 16.3614414
16.4050745 28.5616710 16.6164757 15.9079368
16.0932635 27.2143173 15.1086391 15.5654843
15.9145597 26.0960681 13.8537231 15.5626193
15.9032557 25.1532707 12.8018676 15.5798414
16.0951745 24.3623507 11.9265562 15.5809096
16.5440967 23.7073439 11.2096948 16.0804218
17.4046424 23.1880083 10.6451733 16.9258806
18.9506421 22.8270504 10.2425997 17.9658834
21.7255020 22.6651588 10.0244563 18.1982198
21.8549445 22.7046374 10.0022627 18.1991570
20.2532438 22.9642376 10.1993282 18.2000287
18.9190552 23.4907556 10.6607767 17.9559099
17.8077022 24.3282691 11.4463998 17.2685688
16.8768709 25.5006752 12.6270357 16.4327124
16.0865463 27.0744646 14.3186279 15.5793726
15.4054415 29.1753281 16.7092956 16.1332415
14.8572024 32.5570010 15.5106790 16.6997139
14.4569311 32.8688348 13.9387410 17.0593825
14.2180727 31.4706882 12.6286094 17.2554129
14.1617336 30.3485281 11.5445943 17.2994902
14.3205502 29.4751582 10.6572798 17.1731050
14.7430980 28.8261571 9.9432093 16.8060229
15.4961385 28.3764452 9.3830511 16.0541750
16.6567813 28.0909452 8.9579442 16.2160054
18.5987119 27.9949217 8.6724999 17.8051400
22.4058925 24.4755410 8.5706818 18.2077424
25.5542293 20.6860180 8.6689321 18.1829086
24.0930473 18.0724295 8.9981056 17.5581816
22.9157528 16.1954984 9.5896519 14.9451144
21.9443965 14.9113665 10.3825774 9.2420620
21.0329349 14.1774375 11.1013837 4.3557845
20.0901385 13.7718703 11.6065367 2.3297320
19.1237490 13.4784285 12.0068096 1.3223996
18.1431861 13.2344670 12.3492935 0.7811842
17.1544756 13.0149804 12.6586717 0.8826244
16.1669260 12.7860899 12.9900635 1.6187659
15.1896295 12.5140615 13.4138639 2.0640834
14.2187664 12.2130945 13.9169810 2.0863602
13.2482537 11.9035105 14.4632049 1.4087461
12.2676415 11.6170567 14.5273085 1.4594649
11.2869856 11.3226646 13.2679718 4.6912985
10.3514890 10.8921067 11.8861623 6.4216758
9.4458965 10.3933032 10.5080074 7.8055192
8.5691808 9.8488439 9.1771321 9.3126234
